0.0
0.0
0.0
0.0
0.0
0.0
0.0
0.0
0.0
0.0010161399841308594
0.0
0.0
0.0
0.0
0.0010309219360351562
0.0
0.0
0.0
0.0
0.002000570297241211
0.0015156269073486328
0.0010101795196533203
0.00099945068359375
0.0
0.0020003318786621094
0.001508951187133789
0.0
0.0
0.0
0.0
0.0
0.0
0.0
0.0010004043579101562
0.0010006427764892578
0.0
0.0
0.0010051727294921875
0.0
0.0009953975677490234
0.0
0.0
0.0
0.0010344982147216797
0.0010073184967041016
0.0
0.0
0.0
0.0
0.0
0.0
0.0
0.0
0.0
0.0
0.0010008811950683594
0.0009953975677490234
0.0
0.0
0.0
0.0
0.0009982585906982422
0.001005411148071289
0.0
0.0
0.0
0.0
0.0009644031524658203
0.0009672641754150391
0.0
0.0
0.0
0.0
0.0
0.0
0.0
0.0
0.0
0.0
0.0
0.0009636878967285156
0.0
0.0
0.0
0.0
0.0
0.0
0.0
0.0
0.001032114028930664
0.0
0.0
0.0
0.0
0.0
0.0
0.0
0.0
0.0015053749084472656
0.0
0.0
0.0
0.0010075569152832031
0.0
0.001001596450805664
0.0
0.0009663105010986328
0.0009984970092773438
0.00099945068359375
0.0
0.0
0.0
0.0
0.0
0.0
0.0009639263153076172
0.0009412765502929688
0.0
0.0
0.0
0.0
0.0
0.0
0.0
0.0
0.000997304916381836
0.0010023117065429688
0.0009634494781494141
0.0
0.0009644031524658203
0.0
0.0
0.0
0.0
0.000995635986328125
0.0
0.0010364055633544922
0.0009627342224121094
0.0
0.0
0.0
0.0009884834289550781
0.0
0.0
0.0
0.0
0.0
0.0
0.0
0.0010018348693847656
0.0
0.0
0.0
0.0
0.0
0.0
0.0
0.0010008811950683594
0.0
0.0
0.0
0.0
0.0
0.0
0.0
0.0010063648223876953
0.0
0.0
0.0
0.0
0.0
0.0
0.0
0.0
0.0
0.0
0.0
0.0
0.0
0.0
0.0
0.0009951591491699219
0.0
0.001001596450805664
0.0
0.0
0.0010421276092529297
0.0
0.001005411148071289
0.0
0.0
0.0
0.0
0.0010039806365966797
0.0
0.0
0.0
0.0
0.0
0.0
0.0
0.0
0.0
0.0
0.0
0.0
0.0
0.0
0.0
0.0010035037994384766
0.0
0.0
0.0
0.0
0.0
0.0
0.0
0.0
0.0
0.0
0.0
0.0
0.0
0.0
0.0
0.0
0.0
0.0
0.0009984970092773438
0.0
0.0
0.0
0.0
0.0
0.0
0.0
0.0
0.0
0.0
0.0
0.0
0.0
0.0009989738464355469
0.0
0.0
0.0
0.0
0.0
0.0
0.0
0.0
0.0
0.0
0.0
0.0
0.0010039806365966797
0.0
0.0
0.0
0.0
0.0
0.0009999275207519531
0.0
0.0009670257568359375
0.0
0.0010097026824951172
0.0
0.001007080078125
0.0
0.0010156631469726562
0.0
0.0
0.0
0.0
0.0
0.0
0.0
0.0
0.0
0.0
0.0010006427764892578
0.0
0.0
0.0
0.0
0.0
0.0
0.0
0.0
0.0
0.0
0.0
0.0
0.0
0.0
0.0
0.0
0.0
0.0
0.0
0.0009987354278564453
0.0
0.0
0.0
0.0
0.0
0.0
0.0
0.0
0.0
0.0
0.0
0.0
0.0
0.0
0.0
0.0010008811950683594
0.0010018348693847656
0.0
0.0
0.0
0.0
0.0
0.0
0.0
0.0
0.0
0.0
0.0009667873382568359
0.0
0.0
0.0
0.0
0.0
0.0009982585906982422
0.0
0.0
0.0
0.0
0.0
0.0
0.0
0.0
0.0010402202606201172
0.001035451889038086
0.0
0.0
0.0
0.0
0.0
0.0
0.0
0.0
0.0
0.0
0.0
0.0
0.0
0.0
0.0
0.0
0.0
0.0
0.0
0.0
0.0
0.0010845661163330078
0.0
0.0
0.0
0.0
0.0
0.0009655952453613281
0.0010044574737548828
0.0
0.0010097026824951172
0.0
0.0
0.0
0.0
0.0
0.0
0.0
0.0
0.001005411148071289
0.0
0.0
0.0
0.0
0.0
0.0
0.0
0.0
0.0013086795806884766
0.0
0.0
0.0
0.0
0.0010013580322265625
0.0
0.0
0.0
0.0
0.001001596450805664
0.0010001659393310547
0.0
0.0
0.0
0.0
0.0
0.0
0.0010056495666503906
0.0
0.0
0.000997781753540039
0.0
0.0
0.0
0.0010075569152832031
0.0
0.0
0.0
0.0
0.0
0.0010356903076171875
0.0
0.0
0.0
0.0
0.0
0.0
0.0
0.0
0.0
0.0
0.0
0.0
0.0
0.0
0.0
0.0
0.0
0.0
0.0
0.0
0.0
0.0
0.0
0.0
0.0
0.0
0.0
0.0
0.0009655952453613281
0.0
0.0
0.0
0.0
0.0009632110595703125
0.0
0.0
0.0
0.0
0.0
0.0
0.0
0.0
0.0
0.0
0.0010001659393310547
0.0009944438934326172
0.0
0.0
0.0
0.0
0.0010006427764892578
0.0
0.0
0.0
0.0
0.0
0.0
0.0
0.0009632110595703125
0.0010340213775634766
0.0
0.0
0.0
0.0
0.0
0.0
0.0
0.0010371208190917969
0.0
0.0
0.0
0.0
0.0010182857513427734
0.0
0.0
0.0
0.0
0.0
0.0
0.0
0.0
0.0
0.0
0.0
0.0009937286376953125
0.0
0.0
0.0
0.0
0.0
0.0009641647338867188
0.0
0.0
0.0
0.0
0.0
0.0
0.0
0.0
0.001001596450805664
0.0
0.0
0.0
0.0
0.0009632110595703125
0.0
0.0
0.0009999275207519531
0.0
0.0
0.0
0.0
0.0
0.0009548664093017578
0.0
0.0
0.0
0.0
0.0
0.0
0.0
0.0
0.0
0.0
0.0
0.0
0.0010013580322265625
0.0
0.0
0.0
0.0
0.0
0.0
0.0
0.0
0.0
0.0
0.0
0.0
0.0009989738464355469
0.0
0.0
0.0
0.0
0.0
0.0
0.0
0.0
0.0
0.0
0.0
0.0
0.0
0.0
0.0
0.0
0.0
0.0
0.0
0.0
0.0
0.0
0.0
0.0
0.0012009143829345703
0.0010018348693847656
0.0
0.0
0.0010006427764892578
0.0
0.0
0.0
0.0
0.0009639263153076172
0.0
0.0
0.0
0.0
0.0
0.0010027885437011719
0.0
0.0
0.0009999275207519531
0.0
0.0
0.0
0.0009438991546630859
0.0
0.0010020732879638672
0.0009503364562988281
0.0
0.0009634494781494141
0.0009598731994628906
0.0
0.0
0.0009505748748779297
0.0
0.0
0.0
0.0
0.0
0.0
0.0
0.0
0.0
0.0
0.0
0.0
0.0
0.0
0.0
0.0
0.0
0.0
0.0
0.0
0.0
0.0009646415710449219
0.0
0.0
0.0
0.0
0.0
0.0
0.0
0.0
0.0
0.0
0.0010023117065429688
0.0
0.0
0.0
0.0
0.0
0.0
0.0
0.0
0.0
0.0
0.0
0.0
0.000972747802734375
0.002012968063354492
0.00151824951171875
0.0020198822021484375
0.004024505615234375
0.0
0.0
0.0
0.001004934310913086
0.0
0.0
0.0009710788726806641
0.001005411148071289
0.0
0.0
0.0
0.0
0.0
0.0
0.0
0.0
0.0
0.0
0.0
0.0
0.0010020732879638672
0.0
0.0
0.0
0.0
0.0
0.0
0.0
0.0010008811950683594
0.0009629726409912109
0.0
0.0
0.0
0.0
0.0
0.0
0.0
0.0
0.0
0.0
0.0
0.0
0.0
0.0
0.0
0.0
0.0
0.0009486675262451172
0.0
0.0
0.0
0.0
0.0
0.0
0.0
0.0
0.0
0.0
0.0
0.0
0.0
0.0
0.0
0.0009996891021728516
0.0
0.0010004043579101562
0.0010001659393310547
0.0
0.00452733039855957
0.0
0.0
0.0
0.0
0.0009982585906982422
0.0010030269622802734
0.0
0.0
0.0
0.0
0.0
0.0
0.0
0.0
0.0
0.00099945068359375
0.0010001659393310547
0.001007080078125
0.00099945068359375
0.0009996891021728516
0.00099945068359375
0.0009999275207519531
0.0010061264038085938
0.00099945068359375
0.0009975433349609375
0.00099945068359375
0.0015039443969726562
0.00099945068359375
0.0
0.0
0.0
0.0
0.0
0.0
0.0
0.0
0.0
0.0
0.0
0.0
0.0
0.0
0.0
0.0
0.0
0.00099945068359375
0.0
0.0
0.0010082721710205078
0.0
0.0
0.0
0.0
0.0
0.0
0.0
0.0
0.001997232437133789
0.0
0.0
0.0009992122650146484
0.0
0.0010025501251220703
0.0
0.0
0.0
0.0
0.0
0.0
0.0010101795196533203
0.0
0.000997781753540039
0.0
0.0
0.0
0.0
0.0010356903076171875
0.0
0.0
0.0
0.0
0.0
0.0009634494781494141
0.0
0.0
0.0
0.0
0.0
0.0
0.0
0.0
0.0
0.000997781753540039
0.0
0.0009632110595703125
0.0
0.0
0.0010080337524414062
0.0
0.0
0.0
0.0
0.0
0.0
0.0009632110595703125
0.0
0.0
0.0010004043579101562
0.0
0.0
0.0009615421295166016
0.0009431838989257812
0.0009963512420654297
0.0009987354278564453
0.0
0.0
0.0
0.0
0.0
0.0009980201721191406
0.0
0.0
0.0009660720825195312
0.0
0.0015091896057128906
0.0015146732330322266
0.0
0.0
0.0
0.0
0.0
0.0010001659393310547
0.0010023117065429688
0.000995635986328125
0.0
0.0
0.0
0.0010066032409667969
0.0
0.0
0.0
0.0
0.0
0.0
0.0
0.0
0.0
0.0
0.0010066032409667969
0.0
0.0
0.0
0.0
0.0
0.0
0.0010039806365966797
0.0
0.0
0.0010027885437011719
0.0
0.0
0.0
0.0
0.0
0.0
0.0
0.0
0.0009982585906982422
0.0
0.0
0.0
0.001001119613647461
0.0
0.0010347366333007812
0.0
0.0
0.0
0.0
0.0
0.0
0.001005411148071289
0.0
0.0
0.0
0.0010077953338623047
0.0
0.0
0.0
0.0
0.0
0.0
0.0
0.0
0.0
0.0
0.0
0.0
0.0
0.0
0.0
0.0
0.0
0.0
0.0
0.0009608268737792969
0.0
0.0009987354278564453
0.0
0.0
0.0010023117065429688
0.0
0.0
0.0
0.0
0.0
0.0
0.0
0.0
0.0
0.0
0.001001119613647461
0.0
0.0
0.0
0.0
0.0009849071502685547
0.0
0.0
0.0
0.0
0.0
0.0010089874267578125
0.0
0.0
0.0
0.0
0.0
0.0
0.0
0.0
0.0
0.0
0.0
0.0
0.0
0.0009989738464355469
0.0
0.0
0.0
0.0
0.0
0.0
0.0
0.0
0.0
0.0
0.0
0.0
0.0
0.0
0.000965118408203125
0.0
0.0009942054748535156
0.0010409355163574219
0.0
0.0
0.0
0.0
0.0
0.0
0.0
0.0
0.0
0.0
0.0
0.0
0.0
0.0
0.0009655952453613281
0.0
0.0
0.0009634494781494141
0.0
0.0
0.0
0.0
0.0009446144104003906
0.0
0.0
0.0
0.0
0.0
0.0
0.0
0.0
0.0
0.0
0.0
0.0
0.0
0.0
0.0
0.0009987354278564453
0.0
0.0
0.0
0.0
0.0
0.0
0.0
0.0
0.0
0.0009639263153076172
0.0
0.0
0.0
0.0
0.0
0.0
0.0
0.0
0.0009639263153076172
0.0
0.0
0.0
0.0
0.0
0.0
0.0
0.0
0.0
0.0
0.0
0.0
0.0009667873382568359
0.0009624958038330078
0.0009636878967285156
0.0
0.0
0.0
0.0
0.0
0.0
0.0
0.0
0.0
0.0009453296661376953
0.0
0.0
0.0
0.0
0.0
0.0
0.0
0.001001596450805664
0.0
0.0
0.0
0.0
0.0
0.0009629726409912109
0.0
0.0
0.0
0.0
0.0
0.0
0.0
0.0
0.0
0.0
0.0
0.0
0.0
0.0
0.0
0.0
0.0
0.0
0.0
0.0
0.0009670257568359375
0.0
0.0
0.0009987354278564453
0.0
0.0
0.0
0.0
0.0
0.0
0.0009634494781494141
0.0
0.0
0.0
0.0
0.0
0.0
0.0
0.0
0.0
0.0
0.0009613037109375
0.0
0.0
0.0
0.0009624958038330078
0.0
0.0
0.0
0.0
0.0
0.0
0.0
0.0
0.0
0.0
0.0
0.0
0.0
0.0
0.0
0.0009624958038330078
0.0
0.0009622573852539062
0.0009980201721191406
0.0
0.0
0.0009520053863525391
0.0
0.0
0.0
0.0
0.0
0.0010039806365966797
0.0
0.0
0.0010006427764892578
0.0
0.0
0.0
0.0
0.0
0.0
0.0
0.0
0.0
0.0010008811950683594
0.0
0.0
0.0
0.0
0.0
0.0
0.0
0.0
0.0
0.0
0.0
0.0
0.0
0.0
0.0
0.0
0.00099945068359375
0.0
0.0
0.0
0.0
0.0
0.0
0.0010039806365966797
0.0
0.0
0.0
0.0
0.0
0.0
0.0
0.0
0.0
0.0
0.0
0.0
0.0
0.0
0.0
0.0
0.0
0.0009989738464355469
0.0
0.000997781753540039
0.0
0.0009887218475341797
0.0
0.0
0.0
0.0
0.0009984970092773438
0.0
0.0
0.0
0.0
0.0
0.0
0.0
0.0
0.0
0.0
0.0
0.0
0.0009667873382568359
0.0
0.0
0.0
0.0
0.0
0.0
0.0
0.0
0.0009984970092773438
0.0009984970092773438
0.0
0.0
0.0
0.0
0.0
0.0
0.000997304916381836
0.0
0.0009992122650146484
0.0
0.0
0.0
0.0
0.0
0.001001596450805664
0.0
0.0
0.0
0.0
0.0
0.0
0.0
0.0
0.0
0.0
0.0009984970092773438
0.0
0.0
0.0
0.0
0.0
0.0
0.0
0.0
0.0
0.0
0.0
0.0
0.0
0.0
0.0
0.0
0.0
0.0
0.0009708404541015625
0.0
0.0
0.0
0.0
0.0009987354278564453
0.0
0.0
0.0
0.0
0.0
0.0009975433349609375
0.0
0.0
0.0
0.0
0.0
0.0
0.0
0.0
0.0
0.0
0.0
0.0
0.0
0.0
0.0
0.0
0.0
0.0
0.0
0.0
0.0
0.0
0.0
0.0
0.0
0.0
0.0
0.0
0.0009658336639404297
0.0
0.0
0.0
0.0
0.0
0.0
0.0
0.0
0.0
0.0010371208190917969
0.0
0.0010063648223876953
0.0
0.0
0.0
0.001003265380859375
0.0
0.0009653568267822266
0.0
0.0
0.0
0.0
0.0
0.0
0.0009629726409912109
0.0009648799896240234
0.0
0.0
0.0
0.0
0.0
0.0
0.0
0.0
0.0
0.0
0.0
0.0
0.0
0.0009982585906982422
0.0010068416595458984
0.0
0.0
0.0
0.0
0.0
0.0
0.0
0.0
0.001123666763305664
0.0
0.0
0.0009524822235107422
0.0
0.0
0.0
0.0
0.0
0.0
0.0
0.0
0.0
0.0
0.0
0.0
0.0
0.0
0.0
0.0
0.000997781753540039
0.0
0.0
0.0
0.0010395050048828125
0.0
0.0
0.0
0.0009982585906982422
0.0
0.0010001659393310547
0.0009419918060302734
0.0
0.0
0.001001596450805664
0.0
0.0009679794311523438
0.0
0.0009984970092773438
0.0010018348693847656
0.0
0.0
0.0
0.0010063648223876953
0.0010023117065429688
0.0
0.0
0.0
0.0
0.0
0.0010399818420410156
0.0
0.0009984970092773438
0.0
0.0
0.0
0.0
0.0
0.0
0.0
0.0009531974792480469
0.0
0.0010020732879638672
0.0
0.0
0.0
0.0
0.0
0.0
0.0
0.0
0.0
0.000997304916381836
0.0
0.0
0.0
0.0
0.0
0.0
0.0
0.0
0.0
0.0009632110595703125
0.0
0.0
0.0
0.0
0.0
0.0
0.0009660720825195312
0.0009987354278564453
0.0
0.0
0.0
0.0
0.0
0.0
0.0
0.0
0.0
0.0
0.0
0.0
0.0
0.0010061264038085938
0.0
0.0009984970092773438
0.0
0.0
0.0009925365447998047
0.0009462833404541016
0.0
0.0
0.0009698867797851562
0.0009624958038330078
0.0
0.0
0.0
0.0009987354278564453
0.0
0.0
0.0010058879852294922
0.0
0.0
0.0
0.0
0.0
0.0
0.0
0.0
0.0010061264038085938
0.0
0.0
0.00099945068359375
0.0
0.0
0.0
0.0
0.0
0.0010328292846679688
0.0
0.0
0.0
0.0
0.0
0.0
0.0009548664093017578
0.0
0.0
0.0
0.0
0.0
0.0
0.0
0.0009613037109375
0.0
0.0
0.0
0.0
0.0010004043579101562
0.0
0.0009362697601318359
0.0
0.0
0.0
0.0
0.0010008811950683594
0.0
0.0
0.0
0.0010111331939697266
0.0
0.0
0.0
0.001008749008178711
0.0
0.0
0.0
0.0
0.0
0.0
0.0
0.0
0.0
0.0
0.0
0.0
0.0
0.0
0.0010004043579101562
0.0
0.0
0.0
0.0
0.0
0.0010006427764892578
0.0
0.0
0.0
0.0
0.0
0.0
0.0
0.0
0.0
0.0
0.0
0.0
0.0010366439819335938
0.0
0.0
0.001001596450805664
0.0
0.0
0.0
0.0
0.0
0.0
0.0
0.0
0.0
0.0
0.0010023117065429688
0.0019881725311279297
0.0020008087158203125
0.0
0.0
0.001001119613647461
0.0
0.0
0.0010020732879638672
0.0
0.0
0.0
0.000965118408203125
0.0010008811950683594
0.0
0.0009987354278564453
0.0
0.0
0.0
0.0
0.0010025501251220703
0.0
0.0
0.0
0.0009388923645019531
0.0010380744934082031
0.0
0.0
0.0
0.0
0.0
0.0
0.0
0.0
0.0
0.0
0.0
0.0
0.0
0.0
0.0
0.0009629726409912109
0.0010068416595458984
0.0010006427764892578
0.0
0.0
0.0
0.0010333061218261719
0.0
0.0
0.0010004043579101562
0.0009984970092773438
0.0
0.0
0.0
0.0
0.001008749008178711
0.0
0.0
0.0
0.0
0.0010433197021484375
0.0010058879852294922
0.0
0.0
0.001001596450805664
0.0009982585906982422
0.0
0.0
0.0009982585906982422
0.0
0.0
0.0
0.0
0.0
0.0
0.0010044574737548828
0.0
0.0
0.0
0.0
0.0
0.0
0.0
0.0
0.0
0.0
0.0
0.0
0.0010023117065429688
0.0
0.0009982585906982422
0.001001596450805664
0.0
0.0
0.0
0.0009946823120117188
0.0009632110595703125
0.0
0.0
0.0
0.0010006427764892578
0.0
0.0
0.0009646415710449219
0.0
0.0010094642639160156
0.0
0.0
0.0
0.0
0.0
0.0
0.0009639263153076172
0.0
0.0
0.000997781753540039
0.0
0.0
0.0009992122650146484
0.0
0.0
0.0010373592376708984
0.0010044574737548828
0.0
0.0
0.0
0.0010027885437011719
0.0
0.0
0.0
0.0009813308715820312
0.0
0.0
0.0
0.0
0.0
0.0
0.0
0.0
0.0
0.0
0.0
0.0009975433349609375
0.0
0.0
0.0
0.0
0.0
0.0
0.0
0.0
0.0
0.0009617805480957031
0.0
0.0009553432464599609
0.0
0.0
0.0
0.0
0.0009646415710449219
0.0
0.0010285377502441406
0.0
0.0
0.0
0.0010023117065429688
0.0
0.0
0.0
0.0
0.0
0.0
0.0010025501251220703
0.0009658336639404297
0.0
0.0
0.0009629726409912109
0.0
0.0
0.0
0.0
0.0
0.0
0.0009639263153076172
0.0
0.0
0.0
0.0
0.0
0.00099945068359375
0.0
0.0
0.0
0.0
0.0
0.0
0.0
0.0
0.0
0.0
0.0009646415710449219
0.000997304916381836
0.0
0.0
0.0
0.0
0.0
0.0
0.0
0.0
0.0
0.0
0.0
0.0
0.0
0.0009992122650146484
0.0
0.0
0.0
0.0
0.0
0.0
0.0
0.0
0.0
0.0
0.0
0.0
0.0009608268737792969
0.0
0.0010025501251220703
0.0
0.0
0.0
0.0
0.0
0.0009982585906982422
0.0
0.0009996891021728516
0.0
0.0
0.0
0.0
0.0
0.0
0.0
0.0009975433349609375
0.0
0.0
0.0
0.0
0.0
0.0
0.0
0.0
0.0
0.0
0.0
0.0
0.0
0.0
0.0
0.0
0.0
0.0
0.0010004043579101562
0.0
0.0
0.0
0.001168966293334961
0.0
0.0009596347808837891
0.0
0.0
0.0
0.0
0.0
0.0
0.0
0.0
0.0
0.0
0.0
0.0
0.0
0.0
0.0
0.0
0.0
0.0
0.0
0.0
0.0
0.0
0.0
0.0
0.0
0.0
0.001035451889038086
0.0
0.0
0.0009639263153076172
0.0
0.0
0.0
0.0
0.0
0.0
0.0
0.0
0.0009634494781494141
0.0
0.0009670257568359375
0.0
0.0
0.0
0.0
0.0
0.0
0.0
0.0
0.0
0.0
0.0009660720825195312
0.0
0.0
0.0009627342224121094
0.0
0.0
0.0009953975677490234
0.0
0.0
0.0
0.0010352134704589844
0.0010037422180175781
0.0011894702911376953
0.0
0.0
0.0
0.001001119613647461
0.0
0.0
0.0
0.0
0.0
0.001003265380859375
0.0010030269622802734
0.0
0.0
0.0
0.0009696483612060547
0.0
0.0010027885437011719
0.0
0.0
0.0
0.0
0.0
0.0010044574737548828
0.0
0.0
0.0
0.0
0.0
0.0010042190551757812
0.0
0.0
0.0009984970092773438
0.0
0.0
0.0
0.0
0.0
0.0
0.0
0.0
0.0
0.0
0.0
0.0
0.0009589195251464844
0.0009963512420654297
0.0010423660278320312
0.0
0.0
0.0009629726409912109
0.0
0.0009975433349609375
0.0
0.0
0.0009663105010986328
0.0
0.0
0.0009496212005615234
0.0009980201721191406
0.0
0.0
0.0
0.0
0.0
0.0
0.0
0.0
0.0
0.0009958744049072266
0.0
0.0
0.0
0.0
0.0
0.0
0.0
0.0
0.0
0.0
0.0
0.0
0.0
0.0009961128234863281
0.0
0.0
0.0
0.0
0.0
0.0
0.0010001659393310547
0.0009596347808837891
0.0
0.0009675025939941406
0.0010380744934082031
0.0
0.0
0.0
0.0009644031524658203
0.001001596450805664
0.0
0.0
0.0
0.0
0.0009741783142089844
0.0
0.0
0.0
0.0009949207305908203
0.0
0.0
0.0009984970092773438
0.0
0.0
0.0
0.0
0.0
0.0
0.0
0.0
0.0
0.0010027885437011719
0.0
0.0009655952453613281
0.0
0.0
0.0
0.0
0.0009660720825195312
0.0
0.0
0.0
0.0010001659393310547
0.0
0.0
0.0
0.0
0.0
0.0
0.0009534358978271484
0.0
0.0
0.0
0.0009796619415283203
0.0009675025939941406
0.0
0.0
0.0
0.0010063648223876953
0.0
0.0
0.0
0.0
0.001008749008178711
0.001039266586303711
0.0009636878967285156
0.0009715557098388672
0.0
0.0
0.0
0.0
0.0
0.0
0.0009672641754150391
0.0
0.0
0.0
0.0009686946868896484
0.0
0.0
0.0
0.0
0.0
0.0
0.0
0.0
0.0
0.0
0.0
0.0
0.0
0.0
0.0
0.0
0.0
0.0
0.001001119613647461
0.0
0.0
0.0
0.0009655952453613281
0.0010013580322265625
0.0
0.0
0.0
0.0
0.0
0.0
0.0
0.0
0.0
0.0
0.0009627342224121094
0.0009653568267822266
0.0
0.0
0.0
0.0
0.0
0.0
0.0
0.0
0.0
0.0010018348693847656
0.0
0.0
0.0
0.0
0.0
0.0009696483612060547
0.0
0.0
0.0
0.0
0.0
0.0
0.0
0.0
0.0009655952453613281
0.0
0.0
0.0
0.0
0.0
0.0
0.0
0.0
0.0
0.0
0.0
0.001008749008178711
0.0
0.0
0.0
0.0
0.0
0.0010027885437011719
0.0
0.0
0.0
0.0
0.0
0.0
0.0
0.0
0.0
0.0
0.0
0.0
0.0
0.0
0.0009632110595703125
0.0
0.0
0.0
0.0
0.0
0.0
0.0
0.0
0.0
0.0
0.0
0.0
0.0
0.0
0.0
0.0
0.0
0.0
0.0
0.0
0.0
0.0
0.0010039806365966797
0.0
0.0
0.0010013580322265625
0.0
0.0
0.0
0.0
0.0
0.0
0.0
0.0
0.0
0.0
0.0
0.0
0.0
0.0
0.0
0.0
0.0
0.0009677410125732422
0.0
0.0
0.0
0.001008749008178711
0.0
0.0
0.0
0.0
0.0
0.0009677410125732422
0.0
0.0
0.0
0.0
0.0
0.0010368824005126953
0.0009980201721191406
0.0
0.0
0.0010094642639160156
0.0
0.0
0.0
0.0
0.0
0.0
0.0
0.0010344982147216797
0.0
0.0
0.0
0.0
0.0
0.0
0.0
0.0
0.0
0.0
0.0
0.0
0.0
0.0
0.0
0.0
0.0
0.0
0.0010366439819335938
0.0
0.0
0.0
0.0
0.0
0.0
0.0
0.0
0.0
0.0
0.0
0.0
0.0
0.0
0.0
0.0
0.0
0.000965118408203125
0.0
0.000997304916381836
0.0
0.0
0.0
0.0
0.0
0.0
0.0
0.0
0.0
0.0
0.0
0.0
0.0
0.0
0.0
0.0
0.0
0.0
0.0
0.0
0.0
0.0
0.0
0.0
0.0
0.0
0.0
0.0
0.0
0.0
0.0
0.0
0.0
0.0
0.0
0.0
0.0
0.0
0.0
0.0009665489196777344
0.0
0.0
0.0
0.0
0.0
0.0
0.0
0.0009658336639404297
0.0
0.0010061264038085938
0.0
0.0010004043579101562
0.0
0.0
0.0
0.0
0.0
0.0
0.0
0.0
0.0
0.0
0.0
0.0
0.0
0.0
0.0
0.0
0.0
0.0
0.0
0.0
0.0
0.0
0.0
0.0
0.0
0.0
0.0
0.0
0.0
0.0
0.0
0.0
0.0
0.0
0.0010030269622802734
0.0010018348693847656
0.0
0.0
0.0
0.0
0.0
0.0
0.0
0.0
0.0
0.0
0.0
0.0
0.0
0.0
0.0
0.0
0.0
0.0
0.0
0.0
0.0
0.0
0.0
0.0
0.0
0.0
0.0010371208190917969
0.0
0.0
0.0
0.0010008811950683594
0.0
0.0
0.0
0.0
0.0
0.0
0.0
0.0010025501251220703
0.0
0.0
0.0
0.0
0.0
0.0
0.0
0.0009696483612060547
0.0
0.0
0.0
0.0
0.0009629726409912109
0.0
0.0
0.0
0.0
0.0
0.0
0.0
0.0
0.0009982585906982422
0.0
0.0
0.0009980201721191406
0.0
0.0
0.0
0.0010058879852294922
0.0
0.0
0.0
0.0
0.0010018348693847656
0.0
0.0010020732879638672
0.0
0.0
0.0
0.0
0.0
0.0
0.0009982585906982422
0.0
0.0
0.0
0.0
0.0
0.0
0.0
0.0
0.0
0.0
0.0
0.0
0.0
0.0
0.0
0.0010039806365966797
0.0009622573852539062
0.0
0.0
0.0
0.0009801387786865234
0.0
0.0010061264038085938
0.0
0.0
0.0010006427764892578
0.0009980201721191406
0.0
0.0
0.0
0.0
0.0010406970977783203
0.0
0.0
0.0
0.0
0.0
0.0
0.0
0.0
0.001012563705444336
0.0
0.0010082721710205078
0.0
0.0
0.0
0.0
0.0
0.0
0.0
0.0
0.0
0.0
0.0
0.0010035037994384766
0.0009648799896240234
0.0
0.004000663757324219
0.0
0.0009989738464355469
0.0
0.0
0.0
0.0
0.0
0.0
0.0
0.0
0.0
0.0009989738464355469
0.0
0.0
0.0010037422180175781
0.0
0.0
0.0010058879852294922
0.0
0.0
0.0
0.0
0.0
0.0
0.0
0.0
0.0
0.0010013580322265625
0.0
0.0
0.001003265380859375
0.0010344982147216797
0.0009238719940185547
0.0
0.0
0.0
0.0010025501251220703
0.0
0.0
0.0
0.0
0.0
0.0
0.0
0.0
0.0
0.0
0.0
0.0
0.0
0.0
0.0
0.0
0.0
0.0
0.0
0.001035928726196289
0.0
0.0
0.0
0.000965118408203125
0.0009407997131347656
0.0010023117065429688
0.0
0.0
0.0
0.0
0.0
0.0
0.0
0.0
0.0
0.0
0.0
0.0
0.0
0.0
0.0
0.0
0.0
0.0
0.0
0.0
0.0009634494781494141
0.0
0.0
0.0
0.0
0.0010066032409667969
0.0
0.0
0.0
0.0
0.0012857913970947266
0.0
0.0
0.0
0.0
0.0009648799896240234
0.0
0.0
0.0
0.0
0.0
0.0
0.0
0.0
0.0
0.0
0.0
0.0
0.0010118484497070312
0.0010061264038085938
0.0
0.0
0.0
0.0
0.001004934310913086
0.0009992122650146484
0.0
0.0
0.0
0.0
0.0
0.0009989738464355469
0.0
0.0
0.0
0.0010061264038085938
0.0010075569152832031
0.0009975433349609375
0.0
0.0
0.0
0.0
0.001001596450805664
0.0
0.0010004043579101562
0.0009508132934570312
0.0
0.0010073184967041016
0.0
0.0010356903076171875
0.0
0.0
0.0
0.000997304916381836
0.0
0.0
0.0
0.0
0.0
0.0009975433349609375
0.0
0.0
0.0
0.0010030269622802734
0.0
0.0
0.0
0.0
0.0
0.0
0.0010056495666503906
0.0
0.0
0.0
0.0010018348693847656
0.0
0.0
0.0
0.0
0.0
0.0009980201721191406
0.0
0.0
0.0
0.0009975433349609375
0.0
0.0
0.0
0.0
0.0
0.0
0.000989675521850586
0.0
0.0
0.0010001659393310547
0.0
0.0
0.0
0.0015254020690917969
0.0
0.0
0.0040204524993896484
0.0
0.0
0.0010025501251220703
0.0
0.0
0.0
0.0
0.0010080337524414062
0.0
0.0
0.0
0.0
0.0009996891021728516
0.0
0.000986337661743164
0.0
0.0
0.0
0.0
0.0005090236663818359
0.0
0.0
0.0
0.0010008811950683594
0.0
0.0
0.0
0.0
0.0
0.0
0.0
0.0
0.0
0.0
0.0
0.0009942054748535156
0.001004934310913086
0.0009999275207519531
0.0010128021240234375
0.0
0.0
0.0
0.0
0.0
0.0
0.0
0.0
0.0005235671997070312
0.00099945068359375
0.0
0.0
0.0
0.0009975433349609375
0.0
0.0
0.0
0.0
0.0
0.0
0.0
0.0
0.0015106201171875
0.0014767646789550781
0.0
0.0
0.0
0.0
0.0
0.001020669937133789
0.001009225845336914
0.0
0.0005211830139160156
0.0
0.0
0.0
0.0
0.0009996891021728516
0.0
0.0
0.0
0.0
0.0
0.0005118846893310547
0.0
0.0
0.0
0.0
0.0
0.0
0.0
0.0
0.0
0.0010128021240234375
0.0
0.0
0.0
0.0
0.0
0.0009999275207519531
0.0009989738464355469
0.0
0.0
0.0
0.0
0.0
0.0
0.0
0.0
0.0
0.0009658336639404297
0.001001119613647461
0.0
0.0
0.0009663105010986328
0.0
0.0
0.0
0.0
0.0
0.0
0.0
0.0
0.0
0.0009140968322753906
0.0009670257568359375
0.0
0.0005071163177490234
0.0
0.0
0.0
0.0009632110595703125
0.0
0.0
0.0
0.0
0.0
0.0
0.0
0.0
0.0
0.0
0.0
0.0
0.001003265380859375
0.0
0.0
0.0
0.0
0.0
0.0
0.0
0.0
0.0
0.0
0.0010368824005126953
0.0
0.0010344982147216797
0.0
0.0
0.0
0.0
0.0
0.0
0.0
0.0
0.0
0.0009686946868896484
0.0
0.0
0.0
0.0009698867797851562
0.0
0.0
0.0
0.0
0.0
0.0009655952453613281
0.0
0.0
0.0
0.0
0.0
0.0
0.0
0.0
0.0
0.0010046958923339844
0.0
0.0
0.0
0.0
0.0
0.0
0.0
0.0
0.0
0.0010380744934082031
0.0
0.0
0.0
0.0
0.0
0.0
0.0
0.0
0.0
0.0
0.0009999275207519531
0.0
0.0
0.0
0.0
0.0
0.0
0.0
0.0
0.0
0.0
0.0
0.0
0.0
0.0
0.000965118408203125
0.0
0.0
0.0
0.0010020732879638672
0.0010037422180175781
0.0
0.0
0.0
0.0
0.0009999275207519531
0.0
0.0009648799896240234
0.0
0.0
0.0
0.0
0.0
0.0
0.0
0.0
0.0
0.0009675025939941406
0.0
0.0
0.0
0.0
0.0
0.0
0.0
0.0
0.0
0.0
0.0
0.0
0.0
0.0
0.0009975433349609375
0.0
0.0
0.0
0.0
0.0
0.0
0.0
0.0
0.0
0.0
0.0
0.0
0.0
0.0
0.0
0.0
0.0
0.0010039806365966797
0.0
0.0
0.0
0.0010101795196533203
0.0
0.0010082721710205078
0.0
0.0
0.001003265380859375
0.0010030269622802734
0.0
0.0
0.0
0.0009996891021728516
0.0
0.0
0.0
0.0
0.0010008811950683594
0.0
0.0010001659393310547
0.0
0.0
0.0
0.0
0.0
0.0010106563568115234
0.0
0.0
0.0
0.0030128955841064453
0.0
0.001010894775390625
0.0
0.0
0.001008749008178711
0.0
0.0
0.0
0.0
0.0
0.0010116100311279297
0.0
0.0
0.0
0.0
0.0
0.0
0.0
0.0
0.0
0.0
0.0
0.0
0.0
0.0
0.0
0.0
0.0
0.0
0.0
0.0
0.0
0.0
0.0
0.0
0.0010006427764892578
0.0
0.0
0.0
0.0
0.0
0.0
0.0
0.0
0.0
0.0
0.0
0.0
0.0
0.0
0.0
0.0
0.0
0.0
0.0010008811950683594
0.0
0.0009660720825195312
0.0
0.0010051727294921875
0.0
0.0
0.0
0.0
0.0
0.001004934310913086
0.0
0.0010066032409667969
0.0
0.0
0.0
0.0
0.0
0.0
0.0
0.0
0.0
0.0
0.0009663105010986328
0.0
0.0009686946868896484
0.0
0.0
0.0
0.0
0.0
0.0
0.0
0.0
0.0
0.0
0.0
0.0
0.0
0.0
0.0
0.0
0.0
0.0
0.000949859619140625
0.0
0.0009465217590332031
0.0
0.0
0.0
0.0
0.0010004043579101562
0.0
0.0
0.0
0.0
0.0010025501251220703
0.0
0.0
0.0
0.00099945068359375
0.0009856224060058594
0.0
0.001003265380859375
0.0
0.0009644031524658203
0.0
0.0
0.0
0.0
0.0
0.0
0.0
0.0
0.0
0.0009670257568359375
0.0010111331939697266
0.0
0.0
0.0
0.0
0.0
0.0
0.0
0.0
0.0
0.0
0.000997781753540039
0.0
0.0
0.0
0.0
0.0
0.0
0.0
0.0
0.0
0.0
0.0
0.0
0.0
0.0
0.0
0.0
0.0
0.0
0.0
0.0
0.0
0.0
0.0
0.0009660720825195312
0.0
0.0
0.0
0.0
0.0
0.0
0.00099945068359375
0.0
0.0
0.0
0.0
0.0
0.0
0.0
0.0
0.0
0.0
0.0
0.001001119613647461
0.0009968280792236328
0.0
0.0
0.0
0.0010035037994384766
0.0
0.0
0.0
0.0
0.0
0.0
0.001004934310913086
0.0
0.0010044574737548828
0.0
0.0
0.0
0.0
0.0
0.0
0.0
0.0
0.0
0.0010001659393310547
0.0
0.0
0.0
0.0009975433349609375
0.0
0.0
0.0
0.0
0.0
0.0
0.0
0.0
0.0
0.0
0.0
0.0010037422180175781
0.0
0.0
0.0
0.0009686946868896484
0.0
0.0
0.0
0.0010023117065429688
0.0
0.0
0.0
0.0
0.0
0.0
0.0
0.0
0.0
0.0009646415710449219
0.0
0.0
0.0
0.0
0.0010423660278320312
0.0
0.0
0.0010395050048828125
0.0
0.0
0.0
0.0
0.0
0.0
0.0
0.0
0.000997781753540039
0.0
0.0009639263153076172
0.0
0.0009999275207519531
0.0
0.0
0.0
0.0
0.0
0.0
0.0
0.0
0.0
0.0
0.0
0.0
0.0
0.0
0.0
0.0
0.0
0.0
0.0009982585906982422
0.0
0.0
0.0010008811950683594
0.0
0.0
0.0
0.0
0.0
0.0
0.0010058879852294922
0.0
0.001003265380859375
0.0
0.0
0.0
0.0
0.0
0.0
0.0
0.0
0.0
0.0009655952453613281
0.0
0.0010027885437011719
0.0
0.0
0.0
0.0
0.0
0.0
0.0010056495666503906
0.0
0.0
0.0009648799896240234
0.0
0.0
0.0
0.0
0.0
0.0
0.0
0.0
0.0
0.0
0.0
0.0
0.0
0.0009646415710449219
0.0010023117065429688
0.0
0.0
0.0
0.000965118408203125
0.0
0.0010020732879638672
0.0
0.0
0.0
0.0
0.0
0.0
0.0
0.0
0.001004934310913086
0.0
0.0
0.0
0.0
0.0
0.0
0.0009953975677490234
0.0010018348693847656
0.0
0.0
0.0
0.0010008811950683594
0.0
0.0
0.0
0.0009653568267822266
0.0
0.0
0.0010330677032470703
0.0
0.0
0.0
0.0
0.0
0.0
0.0
0.0
0.0
0.0009999275207519531
0.0
0.0
0.0
0.0
0.0
0.0
0.0
0.0009980201721191406
0.0
0.0
0.0
0.0
0.0
0.0
0.0010333061218261719
0.0
0.0
0.0
0.0
0.0
0.0
0.0
0.0
0.0
0.0
0.0
0.0
0.0
0.0
0.0
0.0
0.001004934310913086
0.0
0.0
0.0
0.0
0.0
0.0
0.0
0.0
0.0
0.0
0.0
0.0
0.0
0.0010051727294921875
0.0
0.0
0.0
0.0
0.0
0.0
0.0
0.0010082721710205078
0.0
0.0
0.0
0.0
0.0
0.0
0.0
0.0
0.0
0.0
0.0
0.0
0.0
0.0
0.0
0.0
0.0
0.0
0.0
0.0
0.0
0.0010004043579101562
0.0
0.0009975433349609375
0.0
0.0019974708557128906
0.0025250911712646484
0.0020110607147216797
0.0009987354278564453
0.0
0.0
0.0
0.0
0.0
0.0
0.0010004043579101562
0.0
0.0010004043579101562
0.0
0.0
0.0
0.0
0.0009989738464355469
0.0
0.0009999275207519531
0.0
0.0
0.0
0.0
0.0010018348693847656
0.0
0.0
0.0
0.0
0.0
0.0009448528289794922
0.0
0.0009648799896240234
0.0
0.0
0.0010030269622802734
0.0
0.0
0.0
0.0
0.0
0.0
0.0
0.0
0.0
0.0
0.0009672641754150391
0.0
0.0
0.0
0.0
0.0
0.0
0.0
0.0
0.0
0.0
0.0
0.0
0.0
0.0
0.0
0.0
0.0010075569152832031
0.0
0.0009951591491699219
0.0
0.0
0.0009982585906982422
0.0
0.0
0.0
0.0009696483612060547
0.0
0.0
0.0
0.0
0.0
0.0
0.0
0.0
0.0
0.0
0.0
0.0010013580322265625
0.0
0.0
0.0
0.0009963512420654297
0.0010006427764892578
0.0
0.0
0.0009613037109375
0.0
0.00099945068359375
0.0
0.0
0.0
0.0
0.0
0.0
0.0009999275207519531
0.0
0.0
0.0
0.0
0.0
0.0
0.0
0.0009663105010986328
0.0
0.0
0.0
0.0
0.00099945068359375
0.0010004043579101562
0.0010018348693847656
0.0
0.0
0.0
0.0009992122650146484
0.0009629726409912109
0.0009670257568359375
0.0
0.0
0.0
0.0
0.0
0.0
0.0
0.0
0.0
0.0
0.0
0.0
0.0010001659393310547
0.0
0.0
0.0
0.0009677410125732422
0.0
0.0
0.0
0.0
0.0
0.0
0.0
0.0
0.0
0.0
0.0
0.0
0.000989675521850586
0.0
0.0
0.0
0.0
0.0
0.0
0.0009970664978027344
0.0
0.0
0.0
0.0
0.0
0.0
0.0009496212005615234
0.0
0.0
0.0
0.0
0.0009987354278564453
0.0009660720825195312
0.0
0.0
0.0
0.0
0.0
0.0
0.0
0.0
0.0009982585906982422
0.0
0.0
0.0
0.0009644031524658203
0.0009648799896240234
0.0
0.0
0.0
0.0
0.0
0.0
0.0
0.0
0.0
0.0
0.0
0.0
0.0
0.0
0.0
0.0
0.0
0.0
0.0
0.0
0.0
0.0
0.0
0.0
0.0
0.0
0.0
0.0
0.0
0.0
0.0009670257568359375
0.0
0.0
0.0
0.0
0.0
0.0
0.0009970664978027344
0.0
0.0
0.0
0.0
0.0
0.0
0.0
0.0
0.0009658336639404297
0.0
0.0
0.0
0.0
0.0009989738464355469
0.0
0.0
0.0
0.0
0.0
0.0
0.0
0.0
0.0
0.0
0.0
0.0
0.0
0.0009634494781494141
0.0009725093841552734
0.0
0.0
0.0
0.0
0.0
0.0
0.0
0.0
0.0
0.0
0.0
0.0
0.0
0.0
0.0
0.0009682178497314453
0.0
0.0
0.0
0.0
0.0
0.0009980201721191406
0.0
0.0009715557098388672
0.0
0.0
0.0
0.0
0.0
0.0
0.0
0.0
0.0
0.0
0.0
0.0
0.0
0.0
0.0
0.0
0.0009672641754150391
0.0
0.0
0.0009989738464355469
0.001004934310913086
0.0009636878967285156
0.0
0.0
0.0
0.0
0.0
0.001003265380859375
0.0
0.0
0.0009996891021728516
0.0
0.0
0.0
0.0
0.0
0.0
0.0
0.0009648799896240234
0.0
0.0009655952453613281
0.0
0.0
0.0
0.0
0.0010027885437011719
0.0
0.0
0.0
0.0
0.0
0.0
0.0
0.0
0.0
0.0
0.0009987354278564453
0.0
0.0
0.0009598731994628906
0.0
0.0009627342224121094
0.0
0.0
0.0
0.0
0.0
0.0
0.0
0.0
0.0
0.0
0.0
0.0
0.0
0.0
0.0
0.0
0.0
0.0
0.0
0.0009984970092773438
0.001009225845336914
0.0009644031524658203
0.0
0.0
0.0
0.0
0.0
0.0
0.0
0.0010006427764892578
0.0009660720825195312
0.0
0.0
0.0
0.0
0.0
0.0
0.0009634494781494141
0.0
0.0
0.0009670257568359375
0.0
0.0009987354278564453
0.0
0.0010113716125488281
0.0
0.0
0.0
0.0
0.0
0.0
0.0
0.0
0.0
0.0
0.0
0.0
0.0
0.0
0.0
0.0
0.0
0.0
0.001005411148071289
0.0
0.0
0.0010025501251220703
0.0009660720825195312
0.0
0.0
0.0
0.0
0.0
0.0
0.0
0.0010006427764892578
0.0010402202606201172
0.0
0.0
0.0
0.0009980201721191406
0.0
0.0
0.0
0.0009646415710449219
0.0
0.0009632110595703125
0.0
0.0
0.0
0.0
0.0
0.0
0.0
0.0
0.0010395050048828125
0.0
0.001001119613647461
0.0010035037994384766
0.0
0.0
0.0
0.0
0.0
0.0
0.0
0.0
0.0010256767272949219
0.0
0.0
0.0
0.0
0.0
0.0
0.0009639263153076172
0.0010416507720947266
0.0
0.0010023117065429688
0.0
0.0
0.0
0.0
0.0
0.0
0.0009665489196777344
0.001001596450805664
0.0
0.0
0.0
0.0
0.0
0.0
0.0
0.0
0.0
0.0
0.0
0.0
0.0
0.0
0.0
0.0
0.0
0.0010061264038085938
0.0
0.0
0.0009653568267822266
0.0010044574737548828
0.0
0.0
0.0010027885437011719
0.0
0.0
0.0
0.0
0.0
0.0
0.0
0.0
0.0
0.0009989738464355469
0.0
0.0
0.0
0.0
0.0
0.0
0.0
0.0
0.0
0.0
0.0
0.0
0.0009577274322509766
0.0
0.0
0.0
0.0
0.0
0.0
0.0
0.0
0.0
0.0
0.0
0.0
0.0
0.0
0.0
0.0009982585906982422
0.0
0.0
0.0
0.0
0.0009639263153076172
0.0009655952453613281
0.0
0.0010027885437011719
0.0009641647338867188
0.0
0.0009648799896240234
0.0
0.0
0.0
0.0
0.0
0.0
0.0
0.0
0.0
0.0
0.0
0.0
0.0
0.0
0.0
0.0
0.0
0.0
0.0
0.0
0.0
0.0
0.0010025501251220703
0.0
0.0
0.0
0.0
0.0
0.001001119613647461
0.0
0.0
0.0
0.0
0.0
0.0
0.0
0.0
0.0
0.0
0.0010051727294921875
0.0
0.0
0.0
0.0
0.0
0.0009622573852539062
0.0
0.0
0.0
0.0
0.0009996891021728516
0.001003265380859375
0.0
0.0
0.0
0.0
0.0
0.0010080337524414062
0.000965118408203125
0.0
0.00099945068359375
0.0
0.0009636878967285156
0.0
0.0
0.000997781753540039
0.0
0.0
0.0
0.0010347366333007812
0.0
0.0
0.0
0.0
0.0
0.0
0.0
0.0
0.001005411148071289
0.0
0.0
0.0010101795196533203
0.0
0.0
0.0
0.001001596450805664
0.0
0.0
0.001004934310913086
0.0
0.0
0.0
0.0010061264038085938
0.0
0.0
0.0
0.0
0.0
0.0009953975677490234
0.0009608268737792969
0.0
0.0
0.0
0.0
0.0
0.0
0.0
0.0
0.0
0.0
0.0
0.0
0.0
0.0
0.0009992122650146484
0.0
0.0
0.0
0.0009644031524658203
0.0
0.0
0.0
0.0
0.0
0.0
0.0
0.0
0.0
0.0
0.0
0.001001119613647461
0.0009984970092773438
0.0
0.0
0.0
0.0010013580322265625
0.0
0.0
0.0010025501251220703
0.0
0.0
0.0
0.0
0.001007080078125
0.0
0.0
0.0
0.0
0.0
0.0
0.0
0.0
0.0
0.0
0.0
0.0
0.0
0.0
0.0
0.0
0.0
0.0009644031524658203
0.0
0.0010437965393066406
0.0
0.0010085105895996094
0.0
0.0
0.0
0.0
0.0
0.0
0.0
0.0
0.0
0.0
0.0
0.0
0.0
0.0
0.0
0.0
0.0
0.0
0.0
0.0
0.0
0.0010099411010742188
0.0
0.0
0.0
0.0
0.0
0.0
0.0
0.0
0.0
0.0
0.0
0.0
0.0
0.0
0.0
0.0
0.0010042190551757812
0.0
0.0
0.0
0.0
0.0
0.0
0.0
0.0
0.0010073184967041016
0.0
0.0
0.0
0.0
0.0
0.0
0.0
0.0
0.0
0.0
0.0
0.0
0.0
0.0
0.0010380744934082031
0.0
0.00099945068359375
0.0
0.0
0.0
0.0
0.0
0.0
0.0
0.0
0.0
0.0
0.0
0.0
0.0
0.0
0.0
0.0
0.0
0.0
0.0
0.0
0.001001596450805664
0.0
0.0
0.0
0.0
0.0
0.0009980201721191406
0.0
0.0
0.0
0.0
0.0
0.0
0.0
0.0
0.0
0.0
0.0
0.0
0.0
0.0009663105010986328
0.0
0.0
0.0
0.0
0.0
0.0
0.0
0.0
0.0
0.0
0.0
0.0
0.0
0.001001119613647461
0.0
0.0
0.0009481906890869141
0.0
0.0009617805480957031
0.0010068416595458984
0.0
0.0
0.0
0.0
0.0
0.0
0.0010352134704589844
0.0
0.0
0.0
0.001001119613647461
0.0
0.0
0.0
0.0
0.0
0.0
0.0
0.0009629726409912109
0.0
0.0009999275207519531
0.0
0.0
0.0
0.0
0.0
0.0
0.0
0.0
0.0
0.0
0.0
0.0
0.0
0.0
0.0
0.0009624958038330078
0.0
0.0
0.0
0.0
0.0
0.0
0.0
0.0
0.0
0.0
0.0
0.0
0.0
0.0
0.0
0.0009958744049072266
0.0
0.0
0.0
0.0
0.0009999275207519531
0.0009641647338867188
0.0
0.0
0.0
0.0
0.0010013580322265625
0.0
0.0
0.001001596450805664
0.0
0.0
0.00096893310546875
0.0
0.0
0.0
0.0
0.0
0.0
0.0
0.0
0.0
0.0009663105010986328
0.0
0.0
0.0
0.0
0.0
0.0
0.0
0.0
0.0
0.0
0.0
0.0
0.0009975433349609375
0.0
0.0
0.0
0.0
0.0
0.0
0.0
0.0010068416595458984
0.0
0.0
0.0
0.0
0.0
0.0
0.0
0.0
0.0
0.0
0.0
0.0
0.000997304916381836
0.0
0.0
0.0
0.0
0.0
0.0
0.0
0.0009989738464355469
0.0009639263153076172
0.0
0.0
0.0
0.0
0.0
0.0
0.0
0.0
0.0009620189666748047
0.0
0.0
0.0010006427764892578
0.001001119613647461
0.0010023117065429688
0.0
0.0
0.0
0.0
0.0
0.0
0.0010020732879638672
0.0
0.0
0.0
0.0
0.0
0.0
0.0
0.0
0.0010063648223876953
0.0
0.0
0.0
0.0
0.0
0.0009655952453613281
0.0
0.0010385513305664062
0.0
0.0009961128234863281
0.0
0.0
0.0
0.0
0.0
0.0010058879852294922
0.0
0.0
0.0
0.0
0.0
0.0009617805480957031
0.0010004043579101562
0.0
0.0
0.0
0.0
0.0
0.0009634494781494141
0.0
0.001001119613647461
0.0
0.0
0.0
0.0
0.0
0.0
0.0
0.0
0.0
0.0
0.0
0.0009665489196777344
0.0
0.0
0.0
0.0
0.0
0.0
0.0
0.0
0.0
0.0
0.0
0.0009660720825195312
0.0010018348693847656
0.0
0.0
0.0
0.0
0.0
0.0010020732879638672
0.0
0.0
0.0
0.0
0.0
0.0009987354278564453
0.0
0.0
0.0
0.0
0.0
0.0
0.0
0.0
0.0
0.0009014606475830078
0.0
0.0
0.0010063648223876953
0.0
0.0
0.0
0.0
0.0009627342224121094
0.0
0.0
0.0
0.0
0.0
0.0
0.0
0.0
0.0
0.0
0.0
0.0
0.0
0.0009627342224121094
0.0
0.0
0.0
0.0
0.0
0.0
0.0
0.0010385513305664062
0.0
0.0
0.0010347366333007812
0.0010063648223876953
0.0
0.0
0.0
0.0
0.0
0.0
0.0
0.0
0.0
0.0
0.0
0.0
0.0
0.0009615421295166016
0.0
0.0
0.0
0.0
0.0
0.0009987354278564453
0.0010380744934082031
0.0
0.0
0.0
0.0
0.0
0.0
0.0
0.0
0.0
0.0
0.0
0.0010020732879638672
0.0
0.0
0.0
0.0
0.0
0.0009634494781494141
0.0
0.0
0.0
0.0010001659393310547
0.0
0.0009670257568359375
0.0
0.0
0.0
0.0
0.0
0.0010330677032470703
0.0
0.0
0.0010004043579101562
0.001003265380859375
0.0
0.0
0.0
0.0
0.0
0.0
0.0
0.0
0.0
0.0
0.0
0.0009987354278564453
0.0
0.0
0.0
0.0
0.0
0.0
0.0
0.0
0.0
0.0
0.0
0.0
0.0
0.0
0.0009665489196777344
0.0
0.0
0.0
0.0
0.0
0.0
0.0009613037109375
0.0
0.0010368824005126953
0.0
0.0
0.0
0.0
0.0010411739349365234
0.0
0.0009970664978027344
0.0
0.0
0.0010380744934082031
0.0
0.000997781753540039
0.0
0.0009443759918212891
0.0
0.0
0.0
0.0009670257568359375
0.0
0.0
0.0
0.0
0.0
0.0
0.0
0.0
0.0
0.0
0.0
0.001004934310913086
0.0
0.0
0.0
0.0
0.0009679794311523438
0.0
0.0
0.0
0.0
0.0
0.0009975433349609375
0.0
0.0
0.0
0.001001119613647461
0.0
0.0009632110595703125
0.0009508132934570312
0.0
0.0
0.0
0.0
0.0
0.0
0.0
0.0
0.0
0.0
0.0
0.0
0.0
0.0
0.0010328292846679688
0.0
0.0009629726409912109
0.0
0.0
0.0
0.0
0.0
0.0
0.0
0.0009589195251464844
0.0
0.0010066032409667969
0.0
0.0
0.0
0.0
0.0
0.0
0.0009987354278564453
0.0
0.0
0.0
0.0
0.0
0.0009667873382568359
0.0
0.0
0.0
0.0
0.0
0.0
0.0009672641754150391
0.0
0.0
0.0
0.0
0.0009732246398925781
0.0010025501251220703
0.0
0.0
0.0009634494781494141
0.0
0.0
0.0009646415710449219
0.0
0.0010061264038085938
0.0
0.0
0.0
0.0
0.0
0.0
0.0010004043579101562
0.0
0.0
0.0009984970092773438
0.0
0.0
0.0
0.0
0.0
0.0
0.0
0.0
0.0
0.0
0.0009639263153076172
0.0
0.0
0.0
0.0
0.0
0.0
0.0
0.0
0.0
0.0
0.0
0.0
0.0
0.0
0.0
0.0
0.0
0.0010044574737548828
0.0010058879852294922
0.0
0.0009610652923583984
0.0
0.0
0.0010356903076171875
0.0
0.0009601116180419922
0.0
0.0
0.0
0.0
0.0
0.0
0.0
0.0
0.0
0.0
0.0
0.0
0.0
0.0009665489196777344
0.0
0.0
0.0
0.0
0.00099945068359375
0.0
0.0
0.0
0.0
0.0
0.0
0.0009224414825439453
0.0
0.0
0.0
0.0
0.0
0.0
0.0
0.0
0.0
0.0
0.0
0.0
0.0
0.0
0.0
0.0
0.0
0.0
0.0010085105895996094
0.001003265380859375
0.0
0.0
0.0
0.0
0.0009679794311523438
0.0
0.0
0.0
0.0
0.0
0.0
0.0
0.0
0.0
0.0
0.0009992122650146484
0.0
0.0
0.0
0.0
0.0
0.0010075569152832031
0.0
0.0
0.0
0.0
0.0
0.0
0.0
0.0
0.0
0.0
0.00099945068359375
0.0010063648223876953
0.0
0.0
0.0
0.0
0.0
0.0
0.0
0.00103759765625
0.0
0.0010082721710205078
0.0
0.0
0.0
0.0
0.0
0.0
0.0
0.0
0.0
0.0009639263153076172
0.0
0.0010347366333007812
0.0
0.0
0.0
0.0010039806365966797
0.0
0.0
0.0
0.0009624958038330078
0.0009641647338867188
0.0
0.0
0.0
0.0
0.0
0.0009987354278564453
0.0
0.0
0.0
0.0
0.0
0.0
0.0
0.0
0.0
0.0010008811950683594
0.0
0.0
0.0
0.0
0.0
0.001009225845336914
0.0010004043579101562
0.0
0.0
0.0
0.0
0.0009653568267822266
0.0
0.0
0.0
0.0
0.0
0.0010390281677246094
0.0
0.0
0.0
0.0
0.0
0.0
0.0
0.0
0.0009644031524658203
0.0
0.0
0.0
0.0010001659393310547
0.0
0.0
0.0
0.0
0.0009982585906982422
0.0
0.0
0.0
0.0
0.0
0.0
0.0
0.0
0.0
0.000965118408203125
0.0
0.0
0.0009567737579345703
0.0
0.0
0.0
0.0
0.0009636878967285156
0.0
0.0
0.0009968280792236328
0.0
0.0009620189666748047
0.0
0.0
0.0
0.0
0.0
0.0
0.0
0.0009419918060302734
0.0
0.0010416507720947266
0.0009505748748779297
0.0
0.0
0.0
0.0
0.0
0.0
0.0
0.0
0.0
0.0
0.0
0.0
0.0
0.0
0.0
0.0
0.0
0.0
0.0
0.0009648799896240234
0.0
0.0009646415710449219
0.0
0.0
0.0
0.0009515285491943359
0.0009605884552001953
0.0
0.000997781753540039
0.0
0.0
0.0
0.0
0.0
0.0
0.0
0.0
0.0
0.0
0.0
0.0
0.0
0.0010058879852294922
0.0
0.0
0.000965118408203125
0.0
0.0
0.0
0.0
0.0
0.0
0.0009679794311523438
0.0009665489196777344
0.0
0.0009474754333496094
0.0
0.0
0.0
0.0
0.0
0.0
0.0
0.0
0.0009627342224121094
0.0009658336639404297
0.0
0.0
0.0009634494781494141
0.0
0.0
0.001001596450805664
0.0
0.0
0.0
0.0
0.0
0.0
0.0
0.0
0.0
0.0
0.0
0.0
0.0
0.0
0.0
0.0
0.0
0.0
0.0
0.0
0.0
0.0
0.0
0.0
0.0010428428649902344
0.0
0.0009982585906982422
0.0
0.0009644031524658203
0.0
0.0
0.0
0.0
0.0
0.0
0.0
0.0
0.0
0.0
0.0
0.0
0.0
0.0
0.001001119613647461
0.0
0.0
0.0
0.0
0.0010364055633544922
0.0
0.001001596450805664
0.0
0.0009458065032958984
0.0
0.0
0.0010018348693847656
0.0
0.0010035037994384766
0.0
0.0
0.0
0.0
0.0
0.0
0.0
0.0
0.0
0.0010342597961425781
0.0
0.0
0.0
0.0
0.0
0.0009987354278564453
0.0
0.0
0.0
0.0009632110595703125
0.0
0.0
0.0
0.0
0.0
0.0
0.0010380744934082031
0.0
0.0
0.0
0.0009624958038330078
0.0
0.0
0.0009627342224121094
0.0
0.0009531974792480469
0.0
0.0009634494781494141
0.0
0.0
0.0
0.0
0.0
0.0
0.0010352134704589844
0.0
0.0
0.0
0.0009875297546386719
0.0009968280792236328
0.0
0.0
0.0009703636169433594
0.0
0.0
0.0
0.0
0.0
0.0
0.0009496212005615234
0.0010004043579101562
0.0
0.0
0.0
0.0
0.0
0.0
0.0
0.0010333061218261719
0.0
0.0
0.0
0.0
0.0
0.0
0.0
0.0
0.0
0.0
0.0009629726409912109
0.0
0.0010004043579101562
0.0
0.0
0.000988006591796875
0.0
0.0
0.0
0.0
0.0
0.0
0.0
0.0009555816650390625
0.0
0.0
0.0
0.0
0.0
0.0
0.0
0.0
0.0
0.0
0.0
0.0
0.0
0.0
0.0
0.0
0.0
0.0
0.0
0.0010008811950683594
0.0
0.0
0.0
0.0
0.001003265380859375
0.0
0.0
0.0010020732879638672
0.0
0.0
0.0
0.0
0.0
0.0
0.0
0.0
0.0
0.0
0.0
0.0
0.0
0.0
0.0
0.0
0.0
0.0
0.0
0.0
0.0
0.0
0.0
0.0
0.0009660720825195312
0.001043081283569336
0.0
0.0
0.0
0.0
0.0
0.0
0.0
0.0
0.0
0.0009665489196777344
0.0
0.0
0.0
0.001001119613647461
0.0
0.0
0.0009622573852539062
0.0
0.0
0.0
0.0
0.0
0.0
0.0
0.0
0.0
0.0
0.0010437965393066406
0.0
0.0
0.0
0.0
0.0010333061218261719
0.0
0.0010008811950683594
0.0
0.0
0.0
0.0
0.0
0.0
0.0
0.0010323524475097656
0.0
0.0
0.0
0.0010025501251220703
0.0
0.0
0.0
0.0
0.0
0.0
0.0
0.0
0.0
0.0
0.0
0.0
0.0
0.0009968280792236328
0.0
0.0
0.0009653568267822266
0.0
0.0
0.0
0.0
0.0
0.0
0.0009829998016357422
0.0
0.0
0.0
0.0
0.0
0.0
0.0
0.0
0.0
0.0009622573852539062
0.0
0.0
0.0
0.0
0.0
0.0009617805480957031
0.0
0.0
0.0
0.0
0.0
0.0009610652923583984
0.00099945068359375
0.0
0.0
0.0009639263153076172
0.0
0.0
0.0010089874267578125
0.0009646415710449219
0.0
0.0
0.0
0.0
0.0
0.0
0.0
0.0
0.0010347366333007812
0.0
0.0
0.0
0.0010006427764892578
0.0
0.0
0.0
0.0009670257568359375
0.0
0.0
0.0009610652923583984
0.0
0.0
0.0
0.0
0.0
0.0
0.0
0.0009667873382568359
0.0
0.0009644031524658203
0.0
0.0
0.0
0.0
0.0
0.0
0.0
0.0
0.0009629726409912109
0.0
0.0
0.0
0.0
0.0
0.0
0.0010006427764892578
0.0
0.0
0.0009663105010986328
0.0
0.0
0.0
0.0009982585906982422
0.0
0.0
0.0
0.0
0.0
0.0
0.0
0.0
0.0
0.0
0.0
0.0
0.0
0.0
0.0
0.0
0.0
0.0
0.0
0.0
0.0
0.000997304916381836
0.0
0.0
0.0
0.0
0.0010068416595458984
0.0
0.0
0.0
0.0
0.0
0.0
0.0
0.0
0.0010004043579101562
0.0
0.0009641647338867188
0.0
0.0
0.0
0.0
0.0
0.0
0.0
0.0
0.0
0.0
0.0
0.0009529590606689453
0.0009634494781494141
0.001001119613647461
0.0
0.0
0.0010344982147216797
0.0010347366333007812
0.0
0.0
0.0
0.0
0.0
0.0
0.0
0.0
0.0
0.0
0.0
0.0
0.0
0.0
0.0010085105895996094
0.0009691715240478516
0.0
0.0
0.0009424686431884766
0.0009632110595703125
0.0
0.0
0.0
0.0
0.0
0.0
0.0
0.0
0.0
0.0
0.0
0.0
0.0009627342224121094
0.0
0.0
0.0
0.0
0.0009706020355224609
0.0
0.0
0.0
0.0
0.0
0.0
0.0
0.0009641647338867188
0.0
0.0010023117065429688
0.0
0.0
0.0010001659393310547
0.0
0.0
0.0009992122650146484
0.0
0.0
0.0
0.0
0.0
0.0009679794311523438
0.0
0.0
0.0
0.0
0.0
0.0
0.0
0.0
0.0
0.0
0.0
0.0
0.0
0.0009984970092773438
0.0
0.0
0.0
0.0
0.0010035037994384766
0.0
0.0
0.0
0.0
0.0
0.0
0.0
0.0
0.0009627342224121094
0.0
0.0
0.0
0.0
0.0
0.0009953975677490234
0.0
0.0009417533874511719
0.0009522438049316406
0.0
0.0
0.0
0.0
0.0
0.0009818077087402344
0.0010073184967041016
0.0
0.0
0.0
0.0
0.0
0.0
0.0
0.0009667873382568359
0.0
0.0009686946868896484
0.0009717941284179688
0.0009672641754150391
0.0
0.0
0.0
0.0
0.0
0.0
0.0
0.0
0.0
0.0
0.0
0.0
0.0
0.0
0.0
0.0
0.0
0.0
0.0
0.0
0.0
0.0
0.0
0.0
0.0
0.0
0.0
0.0
0.0
0.0
0.0
0.0
0.0
0.0
0.0
0.0
0.0
0.0
0.0
0.0009992122650146484
0.0010380744934082031
0.0
0.0
0.0
0.0
0.0
0.0
0.0
0.0
0.0
0.0
0.0
0.0010025501251220703
0.0
0.0
0.0
0.0
0.0
0.0
0.0
0.0
0.0
0.0
0.0
0.0
0.0
0.0
0.0
0.0
0.0
0.0
0.0
0.0
0.0
0.0009980201721191406
0.0
0.0
0.0
0.0
0.00099945068359375
0.0
0.0
0.0
0.0
0.0009624958038330078
0.0
0.0
0.0010020732879638672
0.0
0.0
0.0
0.0010385513305664062
0.0
0.0010077953338623047
0.0
0.0
0.0
0.0
0.0
0.0
0.0
0.0
0.0
0.0
0.0
0.0
0.0
0.0
0.0
0.001035928726196289
0.0
0.0015082359313964844
0.0010018348693847656
0.0
0.0
0.0
0.0
0.0
0.0
0.0
0.0
0.0
0.0
0.0009634494781494141
0.0
0.0
0.0
0.0
0.0
0.0
0.0009679794311523438
0.0
0.0
0.0
0.0
0.0
0.0
0.0
0.0
0.0
0.0010013580322265625
0.0010020732879638672
0.0
0.0
0.0010046958923339844
0.0
0.0
0.0
0.0
0.0
0.0
0.0
0.0
0.0005054473876953125
0.0
0.0
0.0
0.0
0.0
0.0
0.001007080078125
0.0
0.0
0.0
0.0
0.0
0.0
0.0
0.0
0.0009953975677490234
0.0
0.0
0.0
0.0
0.0
0.0
0.0
0.0009996891021728516
0.001001119613647461
0.0
0.0
0.0
0.0
0.0
0.0
0.0
0.0
0.0
0.0
0.0
0.0
0.0
0.0
